date,open,low,high,close,volume,daily_volatility_percentage,20_days_moving_average_of_close_price,60_days_moving_average_of_close_price,20_days_moving_average_of_volume,60_days_moving_average_of_volume,turnover
2024-01-02,10.770000457763672,10.649999618530273,12.055000305175781,11.854999542236328,958400,11.851545684500874,,,,,11361831.561279297
2024-01-03,11.84000015258789,11.331000328063965,11.845000267028809,11.539999961853027,1107800,4.4540722761173095,,,,,12784011.957740784
2024-01-04,11.680000305175781,11.3100004196167,11.930000305175781,11.630000114440918,626800,5.331039376252723,,,,,7289684.071731567
2024-01-05,11.460000038146973,11.09000015258789,11.649999618530273,11.5,555700,4.869560573412024,,,,,6390550.0
2024-01-08,11.970000267028809,11.234999656677246,12.140000343322754,12.069999694824219,1069200,7.497934627401727,,,,,12905243.673706055
2024-01-09,12.0,11.510000228881836,12.055000305175781,11.869999885559082,824700,4.591407595184451,,,,,9789188.905620575
2024-01-10,11.84000015258789,11.380000114440918,12.119999885559082,11.619999885559082,749100,6.3683285577120285,,,,,8704541.914272308
2024-01-11,11.59000015258789,11.149999618530273,11.699999809265137,11.380000114440918,1177300,4.833042049243283,,,,,13397674.134731293
2024-01-12,11.5600004196167,10.989999771118164,12.069999694824219,11.0,1035400,9.818181124600498,,,,,11389400.0
2024-01-16,10.819999694824219,10.569999694824219,11.039999961853027,10.859999656677246,941400,4.327811067101002,,,,,10223603.67679596
2024-01-17,10.600000381469727,10.255000114440918,10.789999961853027,10.420000076293945,916500,5.1343555037898945,,,,,9549930.0699234
2024-01-18,10.449999809265137,10.100000381469727,10.800000190734863,10.289999961853027,556200,6.802719260059943,,,,,5723297.978782654
2024-01-19,10.399999618530273,10.015000343322754,10.430000305175781,10.180000305175781,680400,4.076620328213845,,,,,6926472.207641602
2024-01-22,10.300000190734863,9.949999809265137,10.619999885559082,10.220000267028809,2533100,6.55577356935559,,,,,25888282.676410675
2024-01-23,10.350000381469727,9.84000015258789,10.420000076293945,10.0,822300,5.799999237060547,,,,,8223000.0
2024-01-24,10.15999984741211,9.800000190734863,10.15999984741211,9.850000381469727,732200,3.654818707971768,,,,,7212170.279312134
2024-01-25,9.989999771118164,9.710000038146973,10.0600004196167,9.850000381469727,908400,3.553303227562949,,,,,8947740.3465271
2024-01-26,9.859999656677246,9.630000114440918,10.09000015258789,9.720000267028809,382900,4.7325105505124085,,,,,3721788.102245331
2024-01-29,9.640000343322754,9.350000381469727,9.960000038146973,9.9399995803833,1013000,6.136817730667586,,,,,10069219.574928284
2024-01-30,9.729999542236328,9.420000076293945,9.895000457763672,9.539999961853027,528700,4.9790396579568075,10.766750001907349,,905975.0,,5043797.979831696
2024-01-31,9.510000228881836,9.210000038146973,9.680000305175781,9.25,892600,5.081083967879012,10.636500024795533,,902685.0,,8256550.0
2024-02-01,9.260000228881836,9.010000228881836,9.270000457763672,9.109999656677246,657900,2.8540092061503723,10.515000009536744,,880190.0,,5993468.77412796
2024-02-02,9.140000343322754,8.75,9.4399995803833,9.0,779700,7.666662004258898,10.383500003814698,,887835.0,,7017300.0
2024-02-05,8.859999656677246,8.579999923706055,8.859999656677246,8.6899995803833,981900,3.2220914440923494,10.242999982833862,,909145.0,,8532710.587978363
2024-02-06,8.680000305175781,8.550000190734863,9.15999984741211,9.130000114440918,835600,6.681266692564547,10.096000003814698,,897465.0,,7629028.095626831
2024-02-07,9.149999618530273,8.710000038146973,9.244999885559082,8.739999771118164,849600,6.121279878977198,9.939499998092652,,898710.0,,7425503.805541992
2024-02-08,8.760000228881836,8.569999694824219,8.949999809265137,8.890000343322754,672000,4.274466814012382,9.803000020980836,,894855.0,,5974080.230712891
2024-02-09,8.890000343322754,8.75,9.180000305175781,9.09000015258789,1824700,4.730476325166636,9.688500022888183,,927225.0,,16586523.278427124
2024-02-12,9.010000228881836,8.920000076293945,9.510000228881836,9.470000267028809,1165300,6.230202069181164,9.612000036239625,,933720.0,,11035391.31116867
2024-02-13,9.180000305175781,8.555000305175781,9.180000305175781,8.989999771118164,1718900,6.9521692537514195,9.51850004196167,,972595.0,,15452910.606575012
2024-02-14,9.109999656677246,9.039999961853027,9.90999984741211,9.890000343322754,2373600,8.796762945983753,9.49200005531311,,1045450.0,,23474904.81491089
2024-02-15,10.039999961853027,10.039999961853027,10.760000228881836,10.670000076293945,1506200,6.747893738337154,9.511000061035157,,1092950.0,,16071154.11491394
2024-02-16,10.539999961853027,10.3149995803833,11.15999984741211,10.84000015258789,1854600,7.79520530566669,9.544000053405762,,1151660.0,,20103864.282989502
2024-02-20,10.699999809265137,10.430000305175781,11.069999694824219,10.710000038146973,811700,5.97571790260394,9.56850004196167,,1065590.0,,8693307.030963898
2024-02-21,10.619999885559082,10.119999885559082,10.649999618530273,10.479999542236328,661200,5.057249581311477,9.592500019073487,,1057535.0,,6929375.69732666
2024-02-22,10.75,10.4399995803833,11.020000457763672,10.569999694824219,755100,5.487236462876895,9.628499984741211,,1058680.0,,7981406.769561768
2024-02-23,10.829999923706055,9.359999656677246,10.890000343322754,10.0,2493400,15.30000686645508,9.635999965667725,,1137930.0,,24934000.0
2024-02-26,10.149999618530273,10.0,10.789999961853027,10.15999984741211,1100700,7.775590292496423,9.657999944686889,,1173820.0,,11183111.832046509
2024-02-27,10.3100004196167,9.994999885559082,10.670000076293945,10.289999961853027,1243100,6.559768641761092,9.675499963760377,,1185325.0,,12791498.952579498
2024-02-28,10.029999732971191,9.979999542236328,10.350000381469727,10.079999923706055,731800,3.6706432741456054,9.702499961853027,,1195480.0,,7376543.944168091
2024-02-29,10.359999656677246,10.0,10.463000297546387,10.020000457763672,954900,4.620761241459285,9.740999984741212,,1198595.0,,9568098.43711853
2024-03-01,10.239999771118164,9.989999771118164,10.430000305175781,10.079999923706055,969600,4.3650846963086565,9.789499998092651,,1214180.0,,9773567.92602539
2024-03-04,10.289999961853027,9.569999694824219,10.289999961853027,10.149999618530273,779000,7.093598956539321,9.846999979019165,,1214145.0,,7906849.702835083
2024-03-05,10.050000190734863,9.84000015258789,10.229999542236328,9.899999618530273,554900,3.9393879260203017,9.907499980926513,,1192795.0,,5493509.788322449
2024-03-06,10.109999656677246,9.989999771118164,10.390000343322754,10.319999694824219,842800,3.8759746514837765,9.966999959945678,,1193155.0,,8697695.742797852
2024-03-07,10.539999961853027,10.069999694824219,10.539999961853027,10.149999618530273,702500,4.630544676777682,10.037499952316285,,1185800.0,,7130374.732017517
2024-03-08,10.369999885559082,10.149999618530273,10.619999885559082,10.319999694824219,698700,4.554266288055488,10.108999919891357,,1187135.0,,7210583.786773682
2024-03-11,10.300000190734863,9.444999694824219,10.510000228881836,9.5,1378100,11.210531937448602,10.129499912261963,,1164805.0,,13091950.0
2024-03-12,9.420000076293945,9.274999618530273,9.710000038146973,9.350000381469727,925700,4.65241071517819,10.12349991798401,,1152825.0,,8655295.353126526
2024-03-13,9.489999771118164,9.100000381469727,9.59000015258789,9.140000343322754,994500,5.361047622674701,10.130999946594239,,1116605.0,,9089730.341434479
2024-03-14,9.029999732971191,8.010000228881836,9.119999885559082,8.170000076293945,1197300,13.586286980559754,10.044999933242797,,1057790.0,,9781941.09134674
2024-03-15,8.050000190734863,7.880000114440918,8.220000267028809,7.949999809265137,3751000,4.276731581699481,9.908999919891357,,1170030.0,,29820449.284553528
2024-03-18,7.909999847412109,7.400000095367432,7.909999847412109,7.5,1614800,6.799996693929036,9.741999912261964,,1158040.0,,12111000.0
2024-03-19,7.409999847412109,7.409999847412109,7.900000095367432,7.789999961853027,1431600,6.290118746531606,9.595999908447265,,1189035.0,,11152163.945388794
2024-03-20,7.730000019073486,7.619999885559082,8.0649995803833,7.989999771118164,1997500,5.569458167355405,9.471499919891357,,1255850.0,,15960024.542808533
2024-03-21,7.940000057220459,7.940000057220459,8.3100004196167,8.010000228881836,1176900,4.619230359845955,9.343499946594239,,1276940.0,,9426969.269371033
2024-03-22,8.0,7.769999980926514,8.050000190734863,7.789999961853027,832200,3.594354443895854,9.23299994468689,,1193880.0,,6482837.968254089
2024-03-25,7.78000020980835,7.5,8.010000228881836,7.53000020980835,1108800,6.77291121741969,9.101499962806702,,1194285.0,,8349264.232635498
2024-03-26,7.599999904632568,7.5,7.829999923706055,7.570000171661377,1736000,4.359311971239098,8.965499973297119,,1218930.0,,13141520.29800415
2024-03-27,7.699999809265137,7.570000171661377,8.210000038146973,8.15999984741211,1026500,7.843135765358715,8.869499969482423,9.779583311080932,1233665.0,1111706.6666666667,8376239.84336853
2024-03-28,8.109999656677246,7.989999771118164,8.430000305175781,8.300000190734863,679800,5.301211131883847,8.783499956130981,9.72033332188924,1219910.0,1107063.3333333333,5642340.12966156
2024-04-01,8.300000190734863,7.920000076293945,8.300000190734863,8.020000457763672,783400,4.738155769967109,8.680499982833862,9.661666663487752,1210600.0,1101656.6666666667,6282868.358612061
2024-04-02,7.809999942779541,7.53000020980835,7.809999942779541,7.599999904632568,863000,3.68420705900954,8.552999997138977,9.59449999332428,1214800.0,1105593.3333333333,6558799.9176979065
2024-04-03,7.5,7.050000190734863,7.53000020980835,7.139999866485596,1889900,6.722689468476823,8.415000009536744,9.521833324432373,1281550.0,1127830.0,13493885.747671127
2024-04-04,7.210000038146973,6.940000057220459,7.360000133514404,6.960000038146973,1555900,6.034483821723741,8.247000026702882,9.436666663487753,1317205.0,1135941.6666666667,10829064.059352875
2024-04-05,6.860000133514404,6.75,7.21999979019165,6.900000095367432,1461500,6.811591068052332,8.084500050544738,9.353833333651226,1355155.0,1146555.0,10084350.139379501
2024-04-08,6.960000038146973,6.789999961853027,7.21999979019165,7.190000057220459,978200,5.980526076725154,7.92800006866455,9.280000003178914,1369130.0,1150373.3333333333,7033258.055973053
2024-04-09,7.170000076293945,7.124000072479248,7.380000114440918,7.309999942779541,670300,3.5020525850281867,7.818500065803528,9.212166666984558,1333740.0,1141923.3333333333,4899892.961645126
2024-04-10,6.96999979019165,6.809999942779541,7.050000190734863,6.900000095367432,981900,3.4782644150462434,7.696000051498413,9.143833335240682,1336550.0,1141031.6666666667,6775110.093641281
2024-04-11,7.03000020980835,6.789999961853027,7.150000095367432,7.130000114440918,774100,5.049090150577548,7.595500040054321,9.08166667620341,1325530.0,1138243.3333333333,5519333.088588715
2024-04-12,7.170000076293945,6.980000019073486,7.179999828338623,7.03000020980835,888800,2.84494741530867,7.538500046730041,9.02516667842865,1310105.0,1137781.6666666667,6248264.186477661
2024-04-15,7.039999961853027,6.699999809265137,7.158999919891357,6.829999923706055,715200,6.720353085701951,7.482500052452087,8.9675000111262,1158315.0,1140431.6666666667,4884815.94543457
2024-04-16,6.71999979019165,6.619999885559082,7.0,6.739999771118164,1186900,5.637984085240942,7.444500041007996,8.910166668891907,1136920.0,1148873.3333333333,7999705.728340149
2024-04-17,6.679999828338623,6.199999809265137,6.769999980926514,6.210000038146973,1907000,9.17874666924256,7.365500044822693,8.843333331743876,1160690.0,1138438.3333333333,11842470.072746277
2024-04-18,6.150000095367432,5.949999809265137,6.400000095367432,6.110000133514404,2901500,7.364979971669163,7.271500062942505,8.778500000635782,1205890.0,1173091.6666666667,17728165.387392044
2024-04-19,6.099999904632568,5.920000076293945,6.335000038146973,5.960000038146973,2368200,6.963086563705044,7.169000053405762,8.713666661580403,1265455.0,1200358.3333333333,14114472.09033966
2024-04-22,6.019999980926514,5.78000020980835,6.065000057220459,5.949999809265137,1058100,4.789913555430999,7.0770000457763675,8.64866665204366,1276750.0,1202853.3333333333,6295694.798183441
2024-04-23,5.96999979019165,5.860000133514404,6.010000228881836,5.900000095367432,799000,2.5423744566582105,6.9955000400543215,8.58499998251597,1261260.0,1209788.3333333333,4714100.076198578
2024-04-24,5.869999885559082,5.699999809265137,6.429999828338623,6.349999904632568,1706000,11.4960634651494,6.934500026702881,8.525166654586792,1259760.0,1221338.3333333333,10833099.837303162
2024-04-25,6.159999847412109,5.820000171661377,6.210000038146973,6.15500020980835,1386400,6.33630955631989,6.834250044822693,8.468749992052715,1277755.0,1235633.3333333333,8533292.290878296
2024-04-26,6.150000095367432,6.010000228881836,6.510000228881836,6.369999885559082,769800,7.8492937045966045,6.7377500295639035,8.420749990145366,1282255.0,1233586.6666666667,4903625.911903381
2024-04-29,6.380000114440918,6.349999904632568,6.769999980926514,6.590000152587891,980200,6.373293878134607,6.666250014305115,8.378749998410543,1292095.0,1238958.3333333333,6459518.14956665
2024-04-30,6.449999809265137,6.4019999504089355,6.730000019073486,6.519999980926514,911200,5.030675914479694,6.612250018119812,8.337416664759319,1294505.0,1241150.0,5941023.982620239
2024-05-01,6.510000228881836,6.489999771118164,6.96999979019165,6.659999847412109,1459100,7.207207658720908,6.588250017166137,8.303583335876464,1272965.0,1249103.3333333333,9717605.777359009
2024-05-02,6.78000020980835,6.619999885559082,7.159999847412109,7.079999923706055,761900,7.627118187458429,6.594250011444092,8.269416666030883,1233265.0,1247875.0,5394251.941871643
2024-05-03,8.710000038146973,6.789999961853027,8.710000038146973,7.039999961853027,1167800,27.272728504228205,6.601250004768372,8.241083335876464,1218580.0,1253178.3333333333,8221311.955451965
2024-05-06,7.079999923706055,6.880000114440918,7.119999885559082,7.059999942779541,629700,3.3994302133616663,6.594749999046326,8.210583329200745,1201155.0,1252473.3333333333,4445681.963968277
2024-05-07,7.099999904632568,6.610000133514404,7.199999809265137,6.739999771118164,1313100,8.753704685257752,6.566249990463257,8.17141665617625,1233295.0,1243946.6666666667,8850293.699455261
2024-05-08,6.650000095367432,6.349999904632568,6.650000095367432,6.510000228881836,979700,4.608297698729753,6.546749997138977,8.122083322207134,1233185.0,1240853.3333333333,6377847.224235535
2024-05-09,6.550000190734863,6.289999961853027,6.760000228881836,6.309999942779541,1018500,7.448498752628745,6.505749988555908,8.07741665840149,1245405.0,1229180.0,6426734.9417209625
2024-05-10,6.78000020980835,6.21999979019165,6.849999904632568,6.420000076293945,1407900,9.813085778101676,6.475249981880188,8.019583320617675,1271360.0,1213085.0,9038718.107414246
2024-05-13,6.599999904632568,6.360000133514404,6.760000228881836,6.420000076293945,1170400,6.230531006447254,6.454749989509582,7.948749987284343,1294120.0,1207488.3333333333,7513968.089294434
2024-05-14,6.519999980926514,6.239999771118164,6.840000152587891,6.360000133514404,834500,9.433968064056923,6.4357500076293945,7.874083320299785,1276500.0,1190486.6666666667,5307420.11141777
2024-05-15,6.519999980926514,6.440000057220459,6.960000038146973,6.795000076293945,2130400,7.652685431758323,6.465000009536743,7.808833320935567,1287670.0,1212465.0,14476068.162536621
2024-05-16,6.800000190734863,6.46999979019165,6.820000171661377,6.510000228881836,1331700,5.3763497567471354,6.485000014305115,7.742666665712992,1209180.0,1223640.0,8669367.30480194
2024-05-17,6.510000228881836,6.329999923706055,6.71999979019165,6.639999866485596,1508200,5.8734920832462905,6.519000005722046,7.677166668574015,1166180.0,1236191.6666666667,10014447.798633575
2024-05-20,6.639999866485596,6.360000133514404,6.809999942779541,6.78000020980835,2341900,6.637165123006048,6.5605000257492065,7.623500005404154,1230370.0,1233666.6666666667,15878082.491350174
2024-05-21,6.71999979019165,6.710000038146973,7.590000152587891,7.559999942779541,1448500,11.640213242083352,6.643500018119812,7.580166673660278,1262845.0,1239463.3333333333,10950659.917116165
2024-05-22,7.53000020980835,7.300000190734863,7.829999923706055,7.53000020980835,1281900,7.038508873888608,6.702500033378601,7.534166677792867,1241640.0,1240110.0,9652707.268953323
2024-05-23,7.53000020980835,6.960000038146973,7.639999866485596,6.980000019073486,1332700,9.742117857886267,6.743750023841858,7.482500012715658,1238955.0,1250125.0,9302246.025419235
2024-05-24,7.03000020980835,6.739999771118164,7.074999809265137,6.820000171661377,653500,4.912023896113267,6.766250038146973,7.429166674613953,1233140.0,1245101.6666666667,4456870.11218071
2024-05-28,6.929999828338623,6.570000171661377,6.96999979019165,6.769999980926514,1360500,5.90841387972251,6.775250029563904,7.3740000089009605,1252155.0,1251616.6666666667,9210584.974050522
2024-05-29,6.590000152587891,6.139999866485596,6.619999885559082,6.190000057220459,1342800,7.7544428858862435,6.758750033378601,7.308000016212463,1273735.0,1261013.3333333333,8311932.076835632
2024-05-30,6.25,6.179999828338623,6.369999885559082,6.300000190734863,933300,3.015873832827558,6.740750050544738,7.2480000257492065,1247445.0,1267320.0,5879790.178012848
2024-05-31,6.320000171661377,6.210000038146973,6.579999923706055,6.409999847412109,1219900,5.772229241291807,6.707250046730041,7.182833361625671,1270345.0,1273605.0,7819558.813858032
2024-06-03,6.46999979019165,6.46999979019165,7.239999771118164,6.789999961853027,1773700,11.340205968372002,6.694750046730041,7.126833367347717,1300640.0,1291458.3333333333,12043422.932338715
2024-06-04,6.800000190734863,6.554999828338623,7.065000057220459,7.039999961853027,1150500,7.244321472234734,6.693750047683716,7.072166705131531,1326680.0,1298988.3333333333,8099519.956111908
2024-06-05,7.130000114440918,6.920000076293945,7.360000133514404,7.340000152587891,1191300,5.994551063671662,6.723750066757202,7.036166707674663,1320590.0,1295875.0,8744142.181777954
2024-06-06,7.46999979019165,7.254000186920166,7.864999771118164,7.269999980926514,1631600,8.404395953246347,6.761750054359436,7.001500034332276,1353185.0,1307640.0,11861731.9688797
2024-06-07,7.230000019073486,6.989999771118164,8.010000228881836,7.900000095367432,1941000,12.91139804367599,6.841250061988831,6.98083336353302,1399310.0,1323415.0,15333900.185108185
2024-06-10,7.71999979019165,7.090000152587891,7.739999771118164,7.53000020980835,1537900,8.632132807693733,6.89675006866455,6.970166699091593,1405810.0,1329091.6666666667,11580387.32266426
2024-06-11,7.440000057220459,7.054999828338623,7.449999809265137,7.230000019073486,1156400,5.463346886368782,6.937250065803528,6.958166702588399,1405110.0,1285848.3333333333,8360772.02205658
2024-06-12,7.590000152587891,7.460000038146973,7.974999904632568,7.840000152587891,1494300,6.56887572018223,7.011250066757202,6.963833371798198,1438100.0,1283840.0,11715312.228012085
2024-06-13,7.849999904632568,7.570000171661377,8.100000381469727,7.824999809265137,1256400,6.773165785650328,7.062750053405762,6.964416702588399,1394400.0,1280920.0,9831329.760360718
2024-06-14,7.699999809265137,7.090000152587891,7.699999809265137,7.309999942779541,1601100,8.344728610836363,7.102750039100647,6.9530833721160885,1407870.0,1274313.3333333333,11704040.908384323
2024-06-17,7.300000190734863,6.965000152587891,7.5,7.090000152587891,1244300,7.545836895600508,7.125250053405762,6.93775003751119,1394675.0,1275436.6666666667,8822087.189865112
2024-06-18,7.050000190734863,7.0,7.579999923706055,7.03000020980835,1324000,8.250354287284816,7.137750053405762,6.9250833749771115,1343780.0,1283633.3333333333,9307720.277786255
2024-06-20,7.0,6.440000057220459,7.0,6.849999904632568,1310600,8.175181760233604,7.102250051498413,6.9137500365575155,1336885.0,1286996.6666666667,8977609.875011444
2024-06-21,6.800000190734863,6.78000020980835,7.090000152587891,6.940000057220459,4002700,4.466857928293724,7.072750043869019,6.903250034650167,1472925.0,1324775.0,27778738.22903633
2024-06-24,6.980000019073486,6.900000095367432,7.340000152587891,6.900000095367432,1148900,6.37681233534865,7.068750047683716,6.882250038782756,1463735.0,1326815.0,7927410.109567642
2024-06-25,6.849999904632568,6.71999979019165,6.929999828338623,6.739999771118164,715900,3.1157276747523346,7.064750027656555,6.856250031789144,1466855.0,1327416.6666666667,4825165.836143494
2024-06-26,6.699999809265137,6.260000228881836,7.059999942779541,6.260000228881836,782400,12.779547678077344,7.039250040054322,6.826916694641113,1437950.0,1327400.0,4897824.179077148
2024-06-27,6.260000228881836,6.1020002365112305,6.340000152587891,6.300000190734863,651700,3.7777763312876766,7.044750046730042,6.805250032742818,1403395.0,1323878.3333333333,4105710.1243019104
2024-06-28,6.309999942779541,6.050000190734863,6.574999809265137,6.519999980926514,3129000,8.052141412056711,7.055750036239624,6.794916701316834,1513180.0,1344530.0,20401079.94031906
2024-07-01,6.400000095367432,6.139999866485596,6.570000171661377,6.400000095367432,1870400,6.718754668254336,7.05525004863739,6.785583368937174,1545705.0,1349771.6666666667,11970560.178375244
2024-07-02,6.340000152587891,5.954999923706055,6.480000019073486,6.46999979019165,3047000,8.114375771129358,7.039250040054322,6.7784166971842446,1609370.0,1376196.6666666667,19714089.36071396
2024-07-03,6.519999980926514,6.159999847412109,6.550000190734863,6.269999980926514,712400,6.220101188343605,7.000750041007995,6.763083362579346,1587465.0,1371766.6666666667,4466747.986412048
2024-07-05,6.199999809265137,6.019999980926514,6.389999866485596,6.360000133514404,600800,5.817608141379516,6.951750040054321,6.747250032424927,1557940.0,1370608.3333333333,3821088.080215454
2024-07-08,6.489999771118164,6.360000133514404,6.71999979019165,6.480000019073486,885800,5.555550241012484,6.91225004196167,6.740250031153361,1520650.0,1369006.6666666667,5739984.016895294
2024-07-09,6.460000038146973,6.369999885559082,6.949999809265137,6.940000057220459,680100,8.357347534927118,6.864250040054321,6.73708336353302,1457605.0,1367440.0,4719894.038915634
2024-07-10,7.0,6.829999923706055,7.130000114440918,6.989999771118164,613600,4.291848362777176,6.837250018119812,6.73641668955485,1411390.0,1362853.3333333333,4289063.8595581055
2024-07-11,7.230000019073486,7.159999847412109,7.864999771118164,7.760000228881836,1678300,9.085050295258052,6.863750028610229,6.751916694641113,1437485.0,1378905.0,13023608.384132385
2024-07-12,7.869999885559082,7.849999904632568,8.460000038146973,8.239999771118164,1521600,7.40291444730984,6.883750009536743,6.7769166946411135,1438850.0,1384483.3333333333,12537983.651733398
2024-07-15,8.279999732971191,8.074000358581543,8.520000457763672,8.270000457763672,1363900,5.392987599697592,6.90600004196167,6.811250034968058,1444225.0,1375431.6666666667,11279453.624343872
2024-07-16,8.489999771118164,8.239999771118164,9.020000457763672,8.979999542236328,1914600,8.685976908761187,6.989500021934509,6.859083358446757,1459900.0,1358983.3333333333,17193107.123565674
2024-07-17,8.3100004196167,8.300000190734863,9.020000457763672,8.899999618530273,2495600,8.089890987520153,7.079999995231629,6.908083351453145,1522465.0,1361106.6666666667,22210839.04800415
2024-07-18,8.5600004196167,8.420000076293945,9.069999694824219,8.670000076293945,1593600,7.497112027801971,7.161999988555908,6.953416689236959,1535945.0,1370031.6666666667,13816512.121582031
2024-07-19,8.699999809265137,8.510000228881836,8.890000343322754,8.600000381469727,693100,4.418605785875285,7.249500012397766,6.99841669400533,1505070.0,1368266.6666666667,5960660.2643966675
2024-07-22,8.699999809265137,8.390000343322754,8.835000038146973,8.800000190734863,1143700,5.056814604308072,7.342500019073486,7.039250032107035,1362120.0,1358895.0,10064560.218143463
2024-07-23,8.760000228881836,8.680000305175781,9.770000457763672,9.479999542236328,1582400,11.49789246013782,7.471499991416931,7.094666687647502,1383795.0,1362161.6666666667,15001151.275634766
2024-07-24,9.399999618530273,8.859999656677246,9.760000228881836,8.930000305175781,1028400,10.078393521251664,7.581000018119812,7.13733336130778,1399420.0,1366471.6666666667,9183612.313842773
2024-07-25,8.930000305175781,8.779999732971191,9.626999855041504,9.0600004196167,1134200,9.348786786327173,7.721000027656555,7.178500032424926,1417010.0,1369038.3333333333,10275852.47592926
2024-07-26,9.0,8.6899995803833,9.1899995803833,8.9399995803833,830500,5.592841425822109,7.852999997138977,7.21883335908254,1425950.0,1367693.3333333333,7424669.651508331
2024-07-29,8.850000381469727,8.175000190734863,8.925000190734863,8.21500015258789,968900,9.129640731214533,7.937750005722046,7.24475003083547,1317945.0,1359523.3333333333,7959513.647842407
2024-07-30,8.09000015258789,8.09000015258789,8.470000267028809,8.270000457763672,776700,4.594922532128559,8.031250023841858,7.2645833730697635,1263260.0,1359770.0,6423309.355545044
2024-07-31,8.300000190734863,7.949999809265137,8.65999984741211,8.220000267028809,919100,8.637469769859369,8.118750047683715,7.284250044822693,1156865.0,1355625.0,7555002.245426178
2024-08-01,8.149999618530273,7.864999771118164,8.3100004196167,7.989999771118164,1102100,5.569470103204513,8.204750037193298,7.29975004196167,1176350.0,1363498.3333333333,8805778.747749329
2024-08-02,7.769999980926514,7.480000019073486,7.869999885559082,7.630000114440918,1356900,5.111400532582726,8.268250036239625,7.314583381017049,1214155.0,1364228.3333333333,10353147.155284882
2024-08-05,7.0,6.809999942779541,7.269999980926514,7.099999904632568,1106200,6.478873863742369,8.299250030517578,7.324416708946228,1225175.0,1366336.6666666667,7854019.894504547
2024-08-06,7.179999828338623,6.920000076293945,7.349999904632568,7.190000057220459,930500,5.980526076725154,8.311750030517578,7.339083377520243,1237695.0,1364870.0,6690295.053243637
2024-08-07,6.96999979019165,6.429999828338623,7.03000020980835,6.619999885559082,1619500,9.063450027825105,8.293250036239623,7.342416707674662,1287990.0,1368396.6666666667,10721089.814662933
2024-08-08,6.699999809265137,6.360000133514404,6.809999942779541,6.800000190734863,1058600,6.617644068279152,8.245250034332276,7.348750042915344,1257005.0,1366533.3333333333,7198480.201911926
2024-08-09,6.789999961853027,6.46999979019165,6.96999979019165,6.699999809265137,1010100,7.462686779611126,8.168250036239623,7.354416704177856,1231430.0,1369460.0,6767669.807338715
2024-08-12,6.730000019073486,6.489999771118164,6.75,6.510000228881836,638700,3.9938589821907553,8.080250024795532,7.3496667067209875,1195170.0,1344598.3333333333,4157937.1461868286
2024-08-13,6.519999980926514,6.429999828338623,6.679999828338623,6.559999942779541,628000,3.810975642997832,7.959250044822693,7.3505000352859495,1130840.0,1332870.0,4119679.9640655518
2024-08-14,6.590000152587891,6.324999809265137,6.599999904632568,6.440000057220459,599000,4.2701877783231454,7.836250066757202,7.347166705131531,1036010.0,1317716.6666666667,3857560.034275055
2024-08-15,6.670000076293945,6.5289998054504395,6.869999885559082,6.670000076293945,575100,5.112444920662019,7.7362500667572025,7.345333369572957,985085.0,1288270.0,3835917.043876648
2024-08-16,6.650000095367432,6.360000133514404,6.789999961853027,6.449999809265137,542600,6.666664202391874,7.628750038146973,7.326833367347717,977560.0,1273171.6666666667,3499769.896507263
2024-08-19,6.480000019073486,6.480000019073486,7.300000190734863,7.230000019073486,1232500,11.341634432892556,7.5502500295639035,7.3218333641688025,982000.0,1272348.3333333333,8910975.023508072
2024-08-20,7.210000038146973,6.789999961853027,7.289999961853027,7.25,1093700,6.896551724137931,7.438750052452088,7.326333363850911,957565.0,1268365.0,7929325.0
2024-08-21,7.320000171661377,7.054999828338623,7.510000228881836,7.420000076293945,684600,6.132080806803322,7.363250041007996,7.336333362261454,940375.0,1268883.3333333333,5079732.052230835
2024-08-22,7.440000057220459,6.900000095367432,7.480000019073486,6.940000057220459,564000,8.357347534927118,7.257250022888184,7.339166696866354,911865.0,1255608.3333333333,3914160.032272339
2024-08-23,7.03000020980835,6.889999866485596,7.28000020980835,7.199999809265137,619600,5.416671578531043,7.170250034332275,7.356000026067098,901320.0,1243555.0,4461119.881820679
2024-08-26,7.289999961853027,7.135000228881836,7.400000095367432,7.260000228881836,390000,3.650135786929723,7.122500038146972,7.372000026702881,872375.0,1234500.0,2831400.089263916
2024-08-27,7.199999809265137,7.0,7.309999942779541,7.139999866485596,425300,4.341735974459159,7.066000008583069,7.384166693687439,854805.0,1221256.6666666667,3036641.943216324
2024-08-28,7.050000190734863,6.690000057220459,7.074999809265137,6.829999923706055,625300,5.636892479433168,6.996499991416931,7.384833359718323,840115.0,1202116.6666666667,4270798.952293396
2024-08-29,6.940000057220459,6.739999771118164,7.070000171661377,6.760000228881836,690100,4.881662564644586,6.935000014305115,7.380166697502136,819515.0,1194443.3333333333,4665076.157951355
2024-08-30,6.840000152587891,6.610000133514404,7.0,6.789999961853027,1166800,5.743738861217352,6.89300000667572,7.371000027656555,810010.0,1194035.0,7922571.955490112
2024-09-03,6.760000228881836,6.46999979019165,7.0,6.46999979019165,702600,8.191657295133394,6.861500000953674,7.357666691144307,789830.0,1178551.6666666667,4545821.852588654
2024-09-04,6.449999809265137,6.210000038146973,6.619999885559082,6.349999904632568,876200,6.456690607396682,6.81949999332428,7.331833354632059,787115.0,1160805.0,5563869.916439056
2024-09-05,6.389999866485596,6.099999904632568,6.539999961853027,6.489999771118164,869900,6.779662137717629,6.812999987602234,7.314500013987224,749635.0,1149671.6666666667,5645650.800895691
2024-09-06,6.5,6.210000038146973,6.831999778747559,6.239999771118164,828500,9.967944926528867,6.784999966621399,7.2980000098546345,738130.0,1144206.6666666667,5169839.810371399
2024-09-09,8.050000190734863,7.809999942779541,10.720000267028809,9.510000228881836,19068500,30.599371758284583,6.925499987602234,7.325833344459534,1641050.0,1437110.0,181341439.3644333
2024-09-10,10.0,8.074999809265137,10.12600040435791,9.0,6405200,22.788895501030815,7.0499999761581424,7.345416680971781,1929375.0,1522923.3333333333,57646800.0
2024-09-11,6.800000190734863,6.699999809265137,7.869999885559082,7.755000114440918,16737500,15.08704138011859,7.109749984741211,7.352833350499471,2734850.0,1775196.6666666667,129799314.41545486
2024-09-12,7.71999979019165,7.302000045776367,7.820000171661377,7.619999885559082,3297300,6.797902016595686,7.168749976158142,7.361666679382324,2869765.0,1809413.3333333333,25125425.62265396
2024-09-13,7.670000076293945,7.400000095367432,7.800000190734863,7.599999904632568,2550500,5.263159215615413,7.215249967575073,7.371166674296061,2968535.0,1829855.0,19383799.756765366
2024-09-16,8.149999618530273,7.829999923706055,8.3149995803833,8.109999656677246,4998700,5.980267289875024,7.298249959945679,7.392166670163473,3191340.0,1891323.3333333333,40539455.28383255
2024-09-17,8.119999885559082,7.570000171661377,8.1899995803833,7.599999904632568,1922900,8.15788705923541,7.316749954223633,7.403166667620341,3225860.0,1856660.0,14614039.816617966
2024-09-18,7.599999904632568,7.449999809265137,7.889999866485596,7.579999923706055,1484500,5.804750153682479,7.333249950408936,7.414499998092651,3245400.0,1862253.3333333333,11252509.886741638
2024-09-19,7.869999885559082,7.690000057220459,8.039999961853027,7.860000133514404,1481900,4.452924919685397,7.355249953269959,7.433166670799255,3285265.0,1875020.0,11647734.197854996
2024-09-20,7.789999961853027,7.320000171661377,7.860000133514404,7.5,2192700,7.199999491373697,7.383249950408936,7.453833333651224,3366700.0,1898525.0,16445250.0
2024-09-23,7.539999961853027,7.309999942779541,7.581999778747559,7.429999828338623,1278700,3.6608323317934426,7.39474995136261,7.472666660944621,3399655.0,1908975.0,9500740.780496597
2024-09-24,7.489999771118164,7.28000020980835,7.570000171661377,7.289999961853027,1152400,3.9780516237384584,7.396249938011169,7.485499993960063,3437775.0,1876031.6666666667,8400995.956039429
2024-09-25,7.269999980926514,6.980000019073486,7.485000133514404,7.059999942779541,1131200,7.152976183199487,7.392249941825867,7.496499991416931,3473070.0,1863711.6666666667,7986271.935272217
2024-09-26,7.170000076293945,7.139999866485596,7.599999904632568,7.400000095367432,2108700,6.216216651604412,7.420749950408935,7.511999996503194,3547240.0,1848073.3333333333,15604380.201101303
2024-09-27,7.510000228881836,7.36299991607666,7.623000144958496,7.460000038146973,3463900,3.485257741988145,7.455749940872193,7.531833330790202,3685930.0,1893931.6666666667,25840694.1321373
2024-09-30,7.389999866485596,6.940000057220459,7.570000171661377,7.079999923706055,1221200,8.898306797030894,7.470249938964844,7.543833327293396,3688650.0,1904271.6666666667,8646095.906829834
2024-10-01,7.010000228881836,6.53000020980835,7.034999847412109,6.550000190734863,1692700,7.70991790684364,7.474249958992004,7.544999996821086,3738155.0,1917720.0,11087185.322856903
2024-10-02,6.519999980926514,6.269999980926514,6.590000152587891,6.489999771118164,1977200,4.930665376683735,7.4812499523162845,7.537499992052714,3793205.0,1939338.3333333333,12832027.547454834
2024-10-03,6.389999866485596,6.315000057220459,6.550000190734863,6.489999771118164,1385700,3.6209575008030557,7.4812499523162845,7.52916665871938,3818995.0,1952206.6666666667,8993192.68283844
2024-10-04,6.559999942779541,6.38100004196167,6.630000114440918,6.53000020980835,1262100,3.813170972111745,7.495749974250794,7.50866665840149,3840675.0,1945270.0,8241513.264799118
2024-10-07,6.550000190734863,6.260000228881836,6.559999942779541,6.340000152587891,1120300,4.731856572199763,7.337249970436096,7.476999998092651,2943265.0,1938581.6666666667,7102702.170944214
2024-10-08,6.320000171661377,6.230000019073486,6.449999809265137,6.25,907000,3.519996643066406,7.1997499704360965,7.44333332379659,2668355.0,1930966.6666666667,5668750.0
2024-10-09,6.199999809265137,5.929999828338623,6.5,6.409999847412109,3578500,8.892358583931971,7.132499957084656,7.40049999554952,2010405.0,1958698.3333333333,22938184.453964233
2024-10-10,6.28000020980835,6.179999828338623,6.699999809265137,6.579999923706055,2183700,7.902735364070248,7.080499958992005,7.361833333969116,1954725.0,1953500.0,14368745.833396912
2024-10-11,6.519999980926514,6.460000038146973,6.980000019073486,6.800000190734863,2710300,7.647058328542757,7.040499973297119,7.330666669209799,1962715.0,1972111.6666666667,18430040.5169487
2024-10-14,6.730000019073486,6.728000164031982,7.070000171661377,6.75,1499400,5.066666779694734,6.972499990463257,7.299833329518636,1787750.0,1985550.0,10120950.0
2024-10-15,6.710000038146973,6.550000190734863,6.900000095367432,6.739999771118164,1564700,5.192877099675383,6.929499983787537,7.265499989191691,1769840.0,1992566.6666666667,10546077.641868591
2024-10-16,6.809999942779541,6.679999828338623,6.940000057220459,6.800000190734863,1156500,3.8235326704268546,6.890499997138977,7.220833333333333,1753440.0,1985468.3333333333,7864200.220584869
2024-10-17,6.710000038146973,6.460000038146973,6.849999904632568,6.639999866485596,1090000,5.8734920832462905,6.829499983787537,7.182666659355164,1733845.0,1986495.0,7237599.854469299
2024-10-18,6.639999866485596,6.559999942779541,6.840000152587891,6.730000019073486,909300,4.160478588630035,6.790999984741211,7.14383331934611,1669675.0,1982746.6666666667,6119589.017343521
2024-10-21,6.679999828338623,6.420000076293945,6.769999980926514,6.429999828338623,904300,5.4432334988568885,6.740999984741211,7.101999990145365,1650955.0,1983976.6666666667,5814648.844766617
2024-10-22,6.349999904632568,6.340000152587891,6.690000057220459,6.659999847412109,981000,5.2552539437154575,6.709499979019165,7.076083318392436,1642385.0,1984178.3333333333,6533459.850311279
2024-10-23,6.590000152587891,6.199999809265137,6.644999980926514,6.300000190734863,1171700,7.063494574425877,6.6714999914169315,7.043249980608622,1644410.0,1990761.6666666667,7381710.223484039
2024-10-24,6.349999904632568,6.019999980926514,6.409999847412109,6.190000057220459,1081000,6.300482437486766,6.610999989509582,7.009416643778483,1593025.0,1993460.0,6691390.061855316
2024-10-25,6.21999979019165,6.0,6.380000114440918,6.019999980926514,862700,6.31229427981549,6.53899998664856,6.976583313941956,1462965.0,1989470.0,5193453.983545303
2024-10-28,6.059999942779541,5.929999828338623,6.170000076293945,6.03000020980835,2588800,3.9801034760320544,6.486500000953674,6.949916648864746,1531345.0,2010001.6666666667,15610464.543151855
2024-10-29,6.0,5.769999980926514,6.150000095367432,5.900000095367432,1107700,6.4406798016713065,6.453999996185303,6.92991665204366,1502095.0,2010026.6666666667,6535430.105638504
2024-10-30,5.849999904632568,5.695000171661377,6.090000152587891,5.710000038146973,1029100,6.917687885947902,6.415000009536743,6.905249985059102,1454690.0,2011670.0,5876161.03925705
2024-10-31,5.710000038146973,5.599999904632568,5.755000114440918,5.635000228881836,1022200,2.7506690951653536,6.372250032424927,6.888833324114482,1436515.0,2001715.0,5760097.233963013
2024-11-01,5.690000057220459,5.630000114440918,6.0,5.840000152587891,1259300,6.335614313214072,6.337750029563904,6.872833323478699,1436375.0,2005060.0,7354312.192153931
2024-11-04,5.78000020980835,5.650000095367432,6.034999847412109,5.849999904632568,1322800,6.581192449931486,6.313250017166138,6.858666658401489,1446500.0,2010271.6666666667,7738379.873847961
2024-11-05,5.78000020980835,5.659999847412109,6.0,5.949999809265137,1050200,5.714288461966906,6.298250007629394,6.849333318074544,1453660.0,2017130.0,6248689.799690247
2024-11-06,6.300000190734863,6.000999927520752,6.5,6.25,2124900,7.98400115966797,6.290250015258789,6.844166652361552,1380980.0,2042078.3333333333,13280625.0
2024-11-07,6.329999923706055,5.960000038146973,6.480000019073486,6.139999866485596,1839700,8.469055248109484,6.2682500123977665,6.839166649182638,1363780.0,2062756.6666666667,11295757.75437355
2024-11-08,6.150000095367432,6.054999828338623,6.309999942779541,6.199999809265137,1225100,4.11290519815584,6.238249993324279,6.831333311398824,1289520.0,2073590.0,7595619.766330719
2024-11-11,6.320000171661377,6.099999904632568,6.389999866485596,6.159999847412109,1127300,4.7077917051387566,6.208749985694885,6.826499978701274,1270915.0,2083335.0,6944167.827987671
2024-11-12,6.070000171661377,5.90500020980835,6.179999828338623,5.940000057220459,1140600,4.629623162982859,6.16875,6.804999979337056,1249710.0,2081803.3333333333,6775164.0652656555
2024-11-13,6.0,5.809999942779541,6.099999904632568,5.809999942779541,1389500,4.991393540604571,6.119249987602234,6.780999978383382,1261360.0,2086733.3333333333,8072994.920492172
2024-11-14,5.849999904632568,5.590000152587891,5.860000133514404,5.599999904632568,901400,4.8214283129390365,6.067249989509582,6.750666642189026,1251930.0,2090346.6666666667,5047839.914035797
2024-11-15,5.630000114440918,5.03000020980835,5.630000114440918,5.105000019073486,1925100,11.753181241739998,5.985999989509582,6.72008330821991,1302720.0,2113031.6666666665,9827635.536718369
2024-11-18,5.130000114440918,4.880000114440918,5.184999942779541,4.889999866485596,1171100,6.237215473746506,5.908999991416931,6.681583309173584,1316060.0,2122223.3333333335,5726678.843641281
2024-11-19,4.849999904632568,4.699999809265137,4.909999847412109,4.800000190734863,1395900,4.375000620881692,5.816000008583069,6.640583308537801,1336805.0,2138988.3333333335,6700320.266246796
2024-11-20,4.699999809265137,4.5,4.800000190734863,4.659999847412109,2922300,6.437772544165764,5.7339999914169315,6.599249974886576,1424335.0,2180605.0,13617917.554092407
2024-11-21,4.659999847412109,4.480000019073486,4.760000228881836,4.639999866485596,1769300,6.034487453992663,5.656499981880188,6.562749973932902,1458750.0,2199671.6666666665,8209551.7637729645
2024-11-22,4.619999885559082,4.619999885559082,4.900000095367432,4.75,3081000,5.89474125912315,5.592999982833862,6.5292499701182045,1569665.0,2239520.0,14634750.0
2024-11-25,4.769999980926514,4.769999980926514,5.03000020980835,4.860000133514404,2559500,5.3497988012157185,5.534499979019165,6.497083306312561,1568200.0,2262731.6666666665,12439170.341730118
2024-11-26,4.880000114440918,4.599999904632568,4.96999979019165,4.760000228881836,1212500,7.773106465711202,5.477499985694886,6.468583313624064,1573440.0,2271230.0,5771500.277519226
2024-11-27,4.75,4.684999942779541,4.875,4.800000190734863,1119700,3.958334368136153,5.43199999332428,6.442749985059103,1577970.0,2275288.3333333335,5374560.213565826
2024-11-29,4.800000190734863,4.664999961853027,4.929999828338623,4.699999809265137,2250900,5.638295260421073,5.385249972343445,6.4129166523615515,1639405.0,2298305.0,10579229.570674896
2024-12-02,4.760000228881836,4.610000133514404,4.809999942779541,4.670000076293945,3412000,4.282651092028549,5.326749968528747,6.386749990781149,1747040.0,2341363.3333333335,15934040.260314941
2024-12-03,4.599999904632568,4.369999885559082,4.670000076293945,4.389999866485596,1868400,6.833717536648304,5.253749966621399,6.3014166514078775,1774320.0,2054695.0,8202275.750541687
2024-12-04,4.409999847412109,4.355000019073486,4.590000152587891,4.389999866485596,3042400,5.353078374978018,5.175749969482422,6.224583315849304,1873930.0,1998648.3333333333,13356135.593795776
2024-12-05,4.409999847412109,4.25,4.440000057220459,4.28000020980835,2618700,4.439253455760154,5.077249979972839,6.166666650772095,1898620.0,1763335.0,11208036.549425125
2024-12-06,4.309999942779541,4.28000020980835,4.65500020980835,4.610000133514404,2820800,8.134490003021348,5.00074999332428,6.116499988238017,1947675.0,1755393.3333333333,13003888.376617432
2024-12-09,4.670000076293945,4.630000114440918,4.795000076293945,4.699999809265137,1364500,3.5106376287029195,4.925749993324279,6.0681666533152265,1954645.0,1735626.6666666667,6413149.739742279
2024-12-10,4.710000038146973,4.409999847412109,4.769999980926514,4.429999828338623,4005400,8.126414163980106,4.839249992370606,6.006833322842916,2098550.0,1719071.6666666667,17743921.31242752
2024-12-11,4.900000095367432,4.5,5.050000190734863,4.980000019073486,9063900,11.044180494545241,4.791249990463257,5.963166658083598,2494715.0,1838088.3333333333,45138222.17288017
2024-12-12,4.980000019073486,4.679999828338623,5.170000076293945,4.78000020980835,2953300,10.251050762505477,4.739750003814697,5.916499996185303,2572905.0,1862568.3333333333,14116774.619626999
2024-12-13,4.800000190734863,4.565000057220459,4.849999904632568,4.710000038146973,1764000,6.050952125347226,4.695250010490417,5.863999994595845,2616035.0,1867270.0,8308440.06729126
2024-12-16,4.699999809265137,4.559999942779541,5.025000095367432,4.840000152587891,2210100,9.607440866283042,4.682000017166137,5.819666663805644,2630285.0,1867560.0,10696884.337234497
2024-12-17,4.769999980926514,4.474999904632568,4.840000152587891,4.5,1728100,8.111116621229383,4.662500023841858,5.770833333333333,2658135.0,1875050.0,7776450.0
2024-12-18,4.489999771118164,4.110000133514404,4.519999980926514,4.199999809265137,2242700,9.761901572177594,4.632500004768372,5.719333330790202,2700475.0,1893221.6666666667,9419339.572238922
2024-12-19,4.199999809265137,4.119999885559082,4.320000171661377,4.260000228881836,1966900,4.694842144522395,4.612500023841858,5.672666668891907,2652705.0,1907150.0,8378994.450187683
2024-12-20,4.199999809265137,4.150000095367432,4.315000057220459,4.159999847412109,6342400,3.9663453823363004,4.588500022888184,5.618666664759318,2881360.0,1977711.6666666667,26384383.032226562
2024-12-23,4.150000095367432,4.119999885559082,4.364999771118164,4.340000152587891,1992000,5.645158454959766,4.568000030517578,5.566666666666666,2826910.0,1953180.0,8645280.303955078
2024-12-24,4.309999942779541,4.164999961853027,4.340000152587891,4.230000019073486,847700,4.137120329687239,4.536500024795532,5.519166668256124,2741320.0,1946955.0,3585771.0161685944
2024-12-26,4.150000095367432,4.130000114440918,4.460000038146973,4.449999809265137,1145700,7.415728940459217,4.521000003814697,5.484166661898295,2737980.0,1937838.3333333333,5098364.781475067
2024-12-27,4.380000114440918,4.179999828338623,4.46999979019165,4.360000133514404,1747300,6.651375068176228,4.499000000953674,5.448666667938232,2769360.0,1934006.6666666667,7618228.233289719
2024-12-30,4.300000190734863,4.159999847412109,4.300000190734863,4.179999828338623,1535300,3.349290647660104,4.473000001907349,5.410166668891907,2733580.0,1936500.0,6417553.736448288
2024-12-31,4.239999771118164,4.010000228881836,4.260000228881836,4.119999885559082,1417600,6.0679613335978315,4.445499992370605,5.369999996821085,2633860.0,1939091.6666666667,5840511.837768555
2025-01-02,4.150000095367432,4.119999885559082,4.389999866485596,4.300000190734863,1430600,6.279069045352091,4.441000008583069,5.335999997456868,2611970.0,1944263.3333333333,6151580.272865295
2025-01-03,4.320000171661377,4.25,4.420000076293945,4.420000076293945,1090600,3.8461555058724333,4.442500019073487,5.305499998728434,2514380.0,1947323.3333333333,4820452.083206177
2025-01-06,4.440000057220459,4.400000095367432,4.659999847412109,4.570000171661377,1954000,5.689272259921108,4.457000017166138,5.274833337465922,2481145.0,1920248.3333333333,8929780.33542633
2025-01-07,4.550000190734863,4.5,4.804999828338623,4.619999885559082,1518900,6.601728049647212,4.457500004768372,5.242166670163472,2416050.0,1909168.3333333333,7017317.82617569
2025-01-08,4.570000171661377,4.519999980926514,4.880000114440918,4.829999923706055,2057200,7.453419031074778,4.464000010490418,5.209333332379659,2450685.0,1898283.3333333333,9936275.843048096
2025-01-10,4.659999847412109,4.0,5.989999771118164,4.449999809265137,11853300,44.71909789692302,4.465000009536743,5.170999995867411,2843080.0,2070848.3333333333,52747182.739162445
2025-01-13,4.389999866485596,4.309999942779541,5.019999980926514,4.78000020980835,3626600,14.853556631442899,4.455000019073486,5.138333336512248,2571215.0,2105213.3333333335,17335148.76089096
2025-01-14,4.769999980926514,4.239999771118164,4.849999904632568,4.34499979019165,1991000,14.039129182270877,4.433249998092651,5.097416663169861,2523100.0,2119121.6666666665,8650894.582271576
2025-01-15,4.480000019073486,3.765000104904175,4.539999961853027,3.809999942779541,4541400,20.341203899952305,4.38824999332428,5.05024999777476,2661970.0,2176645.0,17302733.740139008
2025-01-16,3.8299999237060547,3.5,4.414999961853027,4.320000171661377,4975600,21.18055383088419,4.3622499942779545,5.010083333651225,2800245.0,2244416.6666666665,21494592.854118347
2025-01-17,4.28000020980835,4.110000133514404,4.590000152587891,4.460000038146973,3391700,10.76233217417001,4.360249996185303,4.977250003814698,2883425.0,2285873.3333333335,15126982.129383087
2025-01-21,4.5,4.349999904632568,4.670000076293945,4.659999847412109,2441800,6.86695669827299,4.383249998092651,4.9439166704813635,2893380.0,2310220.0,11378787.627410889
2025-01-22,4.650000095367432,4.630000114440918,5.050000190734863,4.920000076293945,2383800,8.536586784167612,4.416249990463257,4.920916668574015,2914225.0,2330421.6666666665,11728296.181869507
2025-01-23,4.820000171661377,4.614999771118164,4.960000038146973,4.889999866485596,2403400,7.055220377270839,4.4527499914169315,4.899249998728434,2717275.0,2352461.6666666665,11752625.67911148
2025-01-24,4.75,4.605000019073486,4.998000144958496,4.849999904632568,1744900,8.103095538406677,4.478249979019165,4.8797499974568685,2704920.0,2367165.0,8462764.833593369
2025-01-27,4.800000190734863,4.684999942779541,5.050000190734863,4.71999979019165,3707900,7.733056444489838,4.502749967575073,4.857916657129923,2847930.0,2385816.6666666665,17501287.22205162
2025-01-28,4.697999954223633,4.25,4.78000020980835,4.619999885559082,2648200,11.471866297334604,4.511249971389771,4.836583320299784,2923055.0,2411491.6666666665,12234683.696937561
2025-01-29,4.550000190734863,4.409999847412109,4.675000190734863,4.480000019073486,1271000,5.9151862096991445,4.517249965667725,4.816083319981893,2899240.0,2415523.3333333335,5694080.024242401
2025-01-30,4.420000076293945,4.420000076293945,4.650000095367432,4.539999961853027,1154000,5.066079757842344,4.535249972343445,4.797833315531412,2880175.0,2417720.0,5239159.955978394
2025-01-31,4.579999923706055,4.440000057220459,4.675000190734863,4.46999979019165,926600,5.257273927172347,4.552749967575073,4.774999976158142,2855625.0,2412175.0,4141901.8055915833
2025-02-03,4.28000020980835,4.25,4.605000019073486,4.46999979019165,1657900,7.941835251367333,4.561249947547912,4.7519999742507935,2866990.0,2417760.0,7410812.652158737
2025-02-04,4.46999979019165,4.375,4.659999847412109,4.630000114440918,732300,6.1555041116132605,4.571749949455262,4.729999979337056,2849075.0,2412461.6666666665,3390549.083805084
2025-02-05,4.630000114440918,4.630000114440918,4.860000133514404,4.789999961853027,962600,4.801670582571572,4.582749938964843,4.70566664536794,2799505.0,2393090.0,4610853.963279724
2025-02-06,4.809999942779541,4.510000228881836,4.849999904632568,4.510000228881836,1040600,7.538795088598666,4.577249956130982,4.678499984741211,2775590.0,2379771.6666666665,4693106.2381744385
2025-02-07,4.53000020980835,4.170000076293945,4.589000225067139,4.21999979019165,972600,9.928913971679714,4.546749949455261,4.64549998442332,2721360.0,2375563.3333333335,4104371.795940399
2025-02-10,4.210000038146973,4.010000228881836,4.210000038146973,4.010000228881836,1225500,4.987526130912602,4.524749970436096,4.609666657447815,2189970.0,2377200.0,4914255.28049469
2025-02-11,3.8499999046325684,3.7249999046325684,4.014999866485596,3.740000009536743,1986100,7.7540096554424425,4.472749960422516,4.572999989986419,2107945.0,2391291.6666666665,7428014.018940926
2025-02-12,3.630000114440918,3.609999895095825,3.759999990463257,3.759999990463257,1238700,3.9893642486140175,4.443499970436096,4.538833324114481,2070330.0,2388778.3333333335,4657511.988186836
2025-02-13,3.700000047683716,3.690000057220459,3.9600000381469727,3.9600000381469727,1253800,6.81818127084808,4.450999975204468,4.511499993006388,1905950.0,2394651.6666666665,4965048.047828674
2025-02-14,3.950000047683716,3.880000114440918,4.15500020980835,4.0,1149400,6.875002384185791,4.434999966621399,4.49308332602183,1714640.0,2381723.3333333335,4597600.0
2025-02-18,4.090000152587891,3.9100000858306885,4.190000057220459,3.9200000762939453,2112400,7.142856273984786,4.407999968528747,4.476916662851969,1650675.0,2397411.6666666665,8280608.16116333
2025-02-19,3.890000104904175,3.8499999046325684,4.159999847412109,4.159999847412109,1123500,7.451921974766143,4.382999968528748,4.466249990463257,1584760.0,2392871.6666666665,4673759.828567505
2025-02-20,4.170000076293945,4.019999980926514,4.239999771118164,4.090000152587891,1171900,5.378967774669851,4.341499972343445,4.45674999554952,1524165.0,2363698.3333333335,4793071.178817749
2025-02-21,4.159999847412109,3.9200000762939453,4.239999771118164,3.9200000762939453,1425900,8.163257362146624,4.292999982833862,4.4447499990463255,1475290.0,2357975.0,5589528.108787537
2025-02-24,3.9200000762939453,3.7200000286102295,4.010000228881836,3.880000114440918,1510700,7.474231745309975,4.24449999332428,4.4302500009536745,1463580.0,2331803.3333333335,5861516.172885895
2025-02-25,3.9200000762939453,3.640000104904175,3.950000047683716,3.680000066757202,1532100,8.423911335760149,4.1925000071525576,4.4105833331743876,1354790.0,2314680.0,5638128.102278709
2025-02-26,3.700000047683716,3.680000066757202,3.865000009536743,3.75,1282500,4.933331807454427,4.149000012874604,4.393749996026357,1286505.0,2315846.6666666665,4809375.0
2025-02-27,3.25,3.25,3.7100000381469727,3.25,2088500,14.15384732759916,4.087500011920929,4.367916659514109,1327380.0,2331993.3333333335,6787625.0
2025-02-28,3.265000104904175,3.049999952316284,3.4100000858306885,3.4100000858306885,4369200,10.55718840038407,4.031000018119812,4.346416664123535,1488140.0,2367298.3333333335,14898972.375011444
2025-03-03,3.4200000762939453,3.0199999809265137,3.609999895095825,3.200000047683716,3071900,18.43749704305087,3.9675000309944153,4.321916663646698,1595405.0,2361630.0,9830080.146479607
2025-03-04,3.119999885559082,3.0199999809265137,3.25,3.190000057220459,2643400,7.210031816547743,3.9035000443458556,4.301916666825613,1644680.0,2374546.6666666665,8432446.151256561
2025-03-05,3.2100000381469727,3.1500000953674316,3.4200000762939453,3.390000104904175,2232200,7.964600960805745,3.8415000438690186,4.285250004132589,1719675.0,2361043.3333333335,7567158.234167099
2025-03-06,3.3299999237060547,3.2300000190734863,3.5250000953674316,3.4800000190734863,2343100,8.47701364014607,3.7760000467300414,4.271916667620341,1788700.0,2356450.0,8153988.044691086
2025-03-07,3.450000047683716,3.3299999237060547,3.5250000953674316,3.4600000381469727,3088800,5.635843049464551,3.7235000371932983,4.252749999364217,1891110.0,2360916.6666666665,10687248.11782837
2025-03-10,3.380000114440918,3.190000057220459,3.440000057220459,3.2699999809265137,1426600,7.645259983431732,3.6760000467300413,4.228916668891907,1913810.0,2361951.6666666665,4664981.972789764
2025-03-11,3.200000047683716,3.0899999141693115,3.4800000190734863,3.4700000286102295,2621100,11.239196014081125,3.649000036716461,4.212916672229767,1983590.0,2338880.0,9095217.074990273
2025-03-12,3.4700000286102295,3.380000114440918,3.6700000762939453,3.6600000858306885,2093200,7.923496039678583,3.6450000405311584,4.190916673342387,1988945.0,2222701.6666666665,7661112.179660797
2025-03-13,3.619999885559082,3.2300000190734863,3.9100000858306885,3.4100000858306885,4181500,19.94135042936668,3.62750004529953,4.168083337942759,2136085.0,2243171.6666666665,14258915.358901024
2025-03-14,3.4000000953674316,3.3499999046325684,3.6600000858306885,3.6600000858306885,2128300,8.4699501073307,3.612500047683716,4.150583338737488,2179810.0,2249243.3333333335,7789578.182673454
2025-03-17,3.5899999141693115,3.3949999809265137,3.6500000953674316,3.509999990463257,2672600,7.264960545121328,3.5880000472068785,4.128416669368744,2255970.0,2256951.6666666665,9380825.9745121
2025-03-18,3.450000047683716,3.194999933242798,3.4800000190734863,3.2899999618530273,3967500,8.662616691039954,3.5565000414848327,4.108250002066295,2348725.0,2294275.0,13053074.848651886
2025-03-19,3.2799999713897705,3.1700000762939453,3.3499999046325684,3.3399999141693115,2644400,5.3892165558151115,3.515500044822693,4.093916670481364,2424770.0,2300970.0,8832295.773029327
2025-03-20,3.309999942779541,3.240000009536743,3.369999885559082,3.25,1733600,3.9999961853027344,3.4735000371932983,4.077083333333333,2452855.0,2297081.6666666665,5634200.0
2025-03-21,3.1700000762939453,3.0450000762939453,3.174999952316284,3.059999942779541,3426800,4.2483620409565725,3.430500030517578,4.058750001589457,2552900.0,2248488.3333333335,10486007.803916931
2025-03-24,3.0899999141693115,3.059999942779541,3.1549999713897705,3.0999999046325684,2590000,3.064517146218735,3.3915000200271606,4.038083330790202,2606865.0,2258455.0,8028999.752998352
2025-03-25,3.0799999237060547,2.9149999618530273,3.0799999237060547,2.9600000381469727,2742600,5.574322963736213,3.3555000185966493,4.0169166644414265,2667390.0,2290036.6666666665,8118096.104621887
2025-03-26,2.9800000190734863,2.8499999046325684,3.0260000228881836,2.859999895095825,2054100,6.153850514379767,3.3110000133514403,3.990416665871938,2705970.0,2305176.6666666665,5874725.7845163345
2025-03-27,2.8399999141693115,2.8299999237060547,3.0799999237060547,2.990000009536743,2044800,8.36120398670948,3.2980000138282777,3.9675833304723103,2703785.0,2310135.0,6113952.019500732
2025-03-28,2.950000047683716,2.690000057220459,2.9700000286102295,2.7200000286102295,2928400,10.294116486933829,3.2635000109672547,3.943250000476837,2631745.0,2333353.3333333335,7965248.083782196
2025-03-31,2.690000057220459,2.450000047683716,2.7100000381469727,2.619999885559082,2951300,9.923664191602642,3.234500002861023,3.9182500004768372,2625715.0,2358915.0,7732405.662250519
2025-04-01,2.5799999237060547,2.375,2.5850000381469727,2.4700000286102295,2732500,8.502025737430104,3.1985000014305114,3.88774999777476,2630170.0,2380613.3333333335,6749275.078177452
2025-04-02,2.4200000762939453,2.359999895095825,2.5450000762939453,2.490000009536743,2110800,7.4297261240789645,3.15349999666214,3.8555833299954734,2624100.0,2397616.6666666665,5255892.0201301575
2025-04-03,2.3299999237060547,2.259999990463257,2.380000114440918,2.2899999618530273,2794800,5.240180173652019,3.093999993801117,3.8175833264986676,2646685.0,2411630.0,6400091.893386841
2025-04-04,2.190000057220459,1.9900000095367432,2.240000009536743,2.0,3238600,12.5,3.020999991893768,3.7739166617393494,2654175.0,2440291.6666666665,6477200.0
2025-04-07,1.940000057220459,1.774999976158142,2.0799999237060547,2.049999952316284,8104500,14.878046567917954,2.959999990463257,3.727583328882853,2988070.0,2541080.0,16614224.613547325
2025-04-08,2.069999933242798,1.934999942779541,2.1500000953674316,2.0,3586800,10.750007629394531,2.886499989032745,3.6867499987284345,3036355.0,2403305.0,7173600.0
2025-04-09,1.9299999475479126,1.8200000524520874,2.369999885559082,2.299999952316284,4410900,23.913036717809526,2.818499982357025,3.6454166611035665,3152240.0,2416376.6666666665,10145069.789671898
2025-04-10,2.2699999809265137,2.065000057220459,2.2950000762939453,2.2200000286102295,2168900,10.360361086007353,2.7589999794960023,3.609999998410543,3051610.0,2419341.6666666665,4814958.062052727
2025-04-11,2.2100000381469727,2.1700000762939453,2.4200000762939453,2.4200000762939453,2315200,10.33057818671051,2.696999979019165,3.5868333339691163,3060955.0,2382238.3333333335,5602784.176635742
2025-04-14,2.4800000190734863,2.299999952316284,2.5999999046325684,2.569999933242798,2603600,11.673150198791932,2.649999976158142,3.5576666633288068,3057505.0,2342705.0,6691251.8261909485
2025-04-15,2.509999990463257,2.4600000381469727,2.809999942779541,2.759999990463257,3238600,12.681156008765857,2.6234999775886534,3.5293333292007447,3021060.0,2340153.3333333335,8938535.969114304
2025-04-16,2.7200000286102295,2.5399999618530273,2.734999895095825,2.609999895095825,2105800,7.471262110362595,2.586999976634979,3.4951666633288068,2994130.0,2334553.3333333335,5496137.779092789
2025-04-17,2.559999942779541,2.5399999618530273,2.700000047683716,2.690000057220459,1629300,5.947958454544214,2.558999979496002,3.4579999963442485,2988915.0,2321978.3333333335,4382817.093229294
2025-04-21,2.569999933242798,2.5299999713897705,2.7950000762939453,2.75,2032400,9.636367451060902,2.5434999823570252,3.4223333319028217,2919195.0,2315795.0,5589100.0
2025-04-22,2.7799999713897705,2.7200000286102295,2.950000047683716,2.930000066757202,1952100,7.8498298236573225,2.5349999904632567,3.390333334604899,2887300.0,2319248.3333333335,5719653.130316734
2025-04-23,2.9700000286102295,2.9649999141693115,3.200000047683716,3.109999895095825,2575800,7.556274644413243,2.5424999833106994,3.363500003019969,2878960.0,2300380.0,8010737.729787827
2025-04-24,3.0999999046325684,3.009999990463257,3.2149999141693115,3.190000057220459,1864200,6.42632978146957,2.5589999914169312,3.3396666725476583,2869465.0,2287313.3333333335,5946798.10667038
2025-04-25,3.140000104904175,3.0250000953674316,3.2100000381469727,3.200000047683716,1638600,5.781248125713347,2.5694999933242797,3.3183333396911623,2849155.0,2293440.0,5243520.078134537
2025-04-28,3.1700000762939453,3.140000104904175,3.2850000858306885,3.259999990463257,1684100,4.447852188671592,2.5964999914169313,3.297000006834666,2786940.0,2302275.0,5490165.983939171
2025-04-29,3.3299999237060547,3.0350000858306885,3.3299999237060547,3.0999999046325684,1540900,9.516124095182237,2.6204999923706054,3.274166675408681,2716420.0,2312513.3333333335,4776789.853048325
2025-04-30,3.0,2.9600000381469727,3.4700000286102295,3.3299999237060547,4073800,15.315315379817275,2.663499987125397,3.2551666776339214,2783485.0,2352778.3333333335,13565753.689193726
2025-05-01,3.319999933242798,3.2200000286102295,3.3550000190734863,3.2899999618530273,1852600,4.103343222752525,2.703499984741211,3.2328333417574564,2770575.0,2371450.0,6095053.929328918
2025-05-02,3.309999942779541,3.1700000762939453,3.365000009536743,3.25,2466900,5.9999979459322414,2.7514999866485597,3.207166675726573,2754180.0,2396521.6666666665,8017425.0
2025-05-05,3.2300000190734863,3.190000057220459,3.4800000190734863,3.319999933242798,3425000,8.73493878566952,2.8174999833106993,3.187333337465922,2763500.0,2436261.6666666665,11370999.771356583
2025-05-06,3.2899999618530273,2.880000114440918,3.3350000381469727,3.1500000953674316,5611000,14.444441585103545,2.8724999904632567,3.1695000092188517,2638825.0,2513568.3333333335,17674650.53510666
2025-05-07,3.180000066757202,2.880000114440918,3.2799999713897705,2.950000047683716,4945400,13.559316965534455,2.9199999928474427,3.1518333395322164,2706755.0,2575566.6666666665,14588930.235815048
2025-05-08,2.944999933242798,2.7049999237060547,3.069999933242798,3.0,4622700,12.166666984558105,2.9549999952316286,3.1395000060399374,2717345.0,2619510.0,13868100.0
2025-05-09,3.0,2.9100000858306885,3.1700000762939453,3.0,2907800,8.666666348775227,2.993999993801117,3.1268333395322165,2754290.0,2647328.3333333335,8723400.0
2025-05-12,3.200000047683716,2.9749999046325684,3.2799999713897705,3.109999895095825,2041500,9.80707643232266,3.028499984741211,3.112666670481364,2740605.0,2660456.6666666665,6349064.785838127
2025-05-13,3.119999885559082,2.805000066757202,3.140000104904175,2.8299999237060547,1789800,11.83745749746417,3.041499984264374,3.0931666692097983,2699915.0,2671130.0,5065133.863449097
2025-05-14,2.8299999237060547,2.755000114440918,2.880000114440918,2.7699999809265137,1170500,4.512635410134184,3.0419999837875364,3.0740000009536743,2596510.0,2655431.6666666665,3242284.9776744843
2025-05-15,2.7699999809265137,2.6700000762939453,2.819999933242798,2.7899999618530273,772600,5.376339032249574,3.0509999871253966,3.0511666695276896,2529850.0,2649583.3333333335,2155553.970527649
2025-05-16,2.799999952316284,2.75,2.9000000953674316,2.809999942779541,1283000,5.338081794373899,3.056999981403351,3.0298333326975504,2512535.0,2651435.0,3605229.926586151
2025-05-19,2.7799999713897705,2.759999990463257,2.944999933242798,2.930000066757202,1323900,6.313991077286595,3.065999984741211,3.013333332538605,2477110.0,2649735.0,3879027.08837986
2025-05-20,2.940000057220459,2.865000009536743,3.1600000858306885,3.049999952316284,1504600,9.672133800196004,3.071999979019165,2.9994999965031943,2454735.0,2649633.3333333335,4589029.928255081
2025-05-21,2.9800000190734863,2.7799999713897705,3.0,2.859999895095825,1116600,7.692308974817578,3.059499979019165,2.9858333269755044,2381775.0,2642708.3333333335,3193475.8828639984
2025-05-22,2.819999933242798,2.799999952316284,2.990000009536743,2.8450000286102295,2656600,6.678385072399216,3.0422499775886536,2.9707499941190085,2421395.0,2665610.0,7558027.076005936
2025-05-23,2.7799999713897705,2.75,2.934999942779541,2.9100000858306885,939100,6.357386162300781,3.027749979496002,2.9650833288828533,2386420.0,2646453.3333333335,2732781.0806035995
2025-05-27,2.990000009536743,2.825000047683716,3.0,2.8499999046325684,1572700,6.140349409550095,3.0072499752044677,2.9557499925295514,2380850.0,2599845.0,4482194.85001564
2025-05-28,2.8499999046325684,2.8299999237060547,3.055000066757202,2.950000047683716,1478100,7.6271233699746315,2.999749982357025,2.9515833258628845,2377710.0,2573281.6666666665,4360395.0704813
2025-05-29,2.990000009536743,2.9100000858306885,3.0950000286102295,3.0799999237060547,796100,6.006491797471772,2.9872499823570253,2.949749990304311,2213825.0,2542493.3333333335,2451987.93926239
2025-05-30,3.0199999809265137,2.9200000762939453,3.0399999618530273,3.0,1407500,3.9999961853027344,2.972749984264374,2.943249988555908,2191570.0,2528748.3333333335,4222500.0
2025-06-02,3.0,2.930000066757202,3.2049999237060547,3.180000066757202,1615600,8.64779406213293,2.969249987602234,2.938249989350637,2149005.0,2516623.3333333335,5137608.107852936
2025-06-03,3.190000057220459,3.115000009536743,3.390000104904175,3.2899999618530273,1718000,8.358665609605152,2.9677499890327455,2.9354166547457377,2063655.0,2493776.6666666665,5652219.934463501
2025-06-04,3.299999952316284,3.2100000381469727,3.380000114440918,3.2300000190734863,1112600,5.263160225698983,2.971749985218048,2.934749988714854,1838735.0,2488543.3333333335,3593698.021221161
2025-06-05,3.2300000190734863,3.1600000858306885,3.369999885559082,3.240000009536743,1057100,6.481475281181232,2.9862499833106995,2.930916655063629,1644320.0,2462476.6666666665,3425004.010081291
2025-06-06,3.299999952316284,3.2799999713897705,3.444999933242798,3.359999895095825,1766600,4.910713303707459,3.0042499780654905,2.9259166518847146,1501515.0,2457033.3333333335,5935775.814676285
2025-06-09,3.440000057220459,3.200000047683716,3.4600000381469727,3.359999895095825,1214100,7.738095195858385,3.022249972820282,2.925083315372467,1416830.0,2407576.6666666665,4079375.8726358414
2025-06-10,3.390000104904175,3.359999895095825,3.640000104904175,3.490000009536743,1154700,8.02292862588033,3.0412499785423277,2.922249980767568,1372490.0,2391350.0,4029903.0110120773
2025-06-11,3.5,3.3399999141693115,3.565000057220459,3.3399999141693115,945900,6.736531402190382,3.0667499780654905,2.9194166461626687,1330295.0,2362571.6666666665,3159305.918812752
2025-06-12,3.299999952316284,3.259999990463257,3.5250000953674316,3.450000047683716,1771800,7.681162354826411,3.100749981403351,2.922083314259847,1360360.0,2325976.6666666665,6112710.084486008
2025-06-13,3.299999952316284,3.194000005722046,3.4000000953674316,3.2200000286102295,2016100,6.397518255125499,3.122249984741211,2.9200833161671955,1422535.0,2315505.0,6491842.057681084
2025-06-16,3.259999990463257,3.0999999046325684,3.305000066757202,3.2699999809265137,1200100,6.269118144353921,3.1452499866485595,2.9204166491826373,1418390.0,2306613.3333333335,3924326.977109909
2025-06-17,3.259999990463257,3.0350000858306885,3.2899999618530273,3.059999942779541,2263200,8.333329437604844,3.1517499804496767,2.9204166491826373,1465355.0,2287220.0,6925391.870498657
2025-06-18,3.109999895095825,2.9800000190734863,3.4800000190734863,3.359999895095825,2751800,14.880952845557763,3.1672499775886536,2.9247499823570253,1527715.0,2289916.6666666665,9246047.711324692
2025-06-20,3.4200000762939453,3.109999895095825,3.444999933242798,3.190000057220459,2374100,10.501568405577649,3.1837499856948854,2.92858331600825,1590590.0,2283775.0,7573379.135847092
2025-06-23,3.190000057220459,3.109999895095825,3.25,3.2300000190734863,1529200,4.334368547289771,3.202999985218048,2.934749984741211,1534220.0,2275026.6666666665,4939316.029167175
2025-06-24,3.2899999618530273,3.200000047683716,3.369999885559082,3.309999942779541,1681700,5.1359468523921015,3.2229999780654905,2.9400833169619243,1571350.0,2268975.0,5566426.903772354
2025-06-25,3.309999942779541,3.0999999046325684,3.3350000381469727,3.259999990463257,1853000,7.2085930736769726,3.243499982357025,2.949083316326141,1585365.0,2251051.6666666665,6040779.982328415
2025-06-26,3.259999990463257,3.200000047683716,3.3399999141693115,3.319999933242798,1179000,4.216863533152283,3.2619999766349794,2.9607499837875366,1570410.0,2221513.3333333335,3914279.9212932587
2025-06-27,3.3299999237060547,3.259999990463257,3.4700000286102295,3.299999952316284,2078800,6.363637611557318,3.272999978065491,2.974583315849304,1634545.0,2210618.3333333335,6860039.900875092
2025-06-30,3.3299999237060547,3.299999952316284,3.5299999713897705,3.4600000381469727,1492900,6.64739932189898,3.2959999799728394,2.990749982992808,1638815.0,2200320.0,5165434.0569496155
2025-07-01,3.450000047683716,3.3299999237060547,3.5989999771118164,3.5199999809265137,1140400,7.642047013163822,3.312999975681305,3.0112499833106994,1615055.0,2172746.6666666665,4014207.978248596
2025-07-02,3.5299999713897705,3.490000009536743,3.75,3.5999999046325684,1541800,7.222222148636239,3.328499972820282,3.0379166483879088,1606245.0,2144466.6666666665,5550479.852962494
2025-07-03,3.619999885559082,3.5299999713897705,3.634999990463257,3.630000114440918,536700,2.8925624177193208,3.3484999775886535,3.0642499844233195,1577450.0,2018336.6666666667,1948221.0614204407
2025-07-07,3.569999933242798,3.494999885559082,3.615000009536743,3.549999952316284,1068800,3.380285227873429,3.363999974727631,3.090083316961924,1578035.0,1976370.0,3794239.9490356445
2025-07-08,3.569999933242798,3.5199999809265137,3.634999990463257,3.5899999141693115,1262200,3.203342960618231,3.375499975681305,3.1115833163261413,1552815.0,1923891.6666666667,4531297.891664505
2025-07-09,3.569999933242798,3.569999933242798,3.859999895095825,3.809999942779541,1617100,7.611547669511546,3.397999978065491,3.13808331489563,1572965.0,1914695.0,6161150.907468796
2025-07-10,3.7899999618530273,3.7049999237060547,3.809999942779541,3.7300000190734863,1112500,2.815013901784585,3.409999978542328,3.159916647275289,1570855.0,1894650.0,4149625.0212192535
2025-07-11,3.6700000762939453,3.559999942779541,3.700000047683716,3.5999999046325684,1034400,3.8888919059141984,3.4229999780654907,3.1770833134651184,1575280.0,1868496.6666666667,3723839.9013519287
2025-07-14,3.5999999046325684,3.559999942779541,3.734999895095825,3.559999942779541,1328500,4.915729076659745,3.428499972820282,3.1904166460037233,1553115.0,1836661.6666666667,4729459.92398262
2025-07-15,3.569999933242798,3.4700000286102295,3.609999895095825,3.5,2268800,3.9999961853027344,3.4424999713897706,3.2052499810854593,1565750.0,1839378.3333333333,7940800.0
2025-07-16,3.549999952316284,3.5220000743865967,3.819999933242798,3.640000104904175,4263700,8.186809073293864,3.4609999775886537,3.221083315213521,1718930.0,1883285.0,15519868.44727993
2025-07-17,3.6600000858306885,3.625,3.7950000762939453,3.6500000953674316,2789000,4.657536215128018,3.4904999852180483,3.2360833168029783,1745220.0,1895895.0,10179850.265979767
2025-07-18,3.6600000858306885,3.5,3.7200000286102295,3.5,1862100,6.285715103149414,3.4974999904632567,3.2455833156903586,1700735.0,1894395.0,6517350.0
2025-07-21,3.5,3.5,3.734999895095825,3.630000114440918,2155000,6.473826107083172,3.51949999332428,3.2542499860127765,1689780.0,1887381.6666666667,7822650.246620178
2025-07-22,3.630000114440918,3.609999895095825,3.7300000190734863,3.7100000381469727,2518800,3.2345046561669957,3.543499994277954,3.262916652361552,1739260.0,1898291.6666666667,9344748.096084595
2025-07-23,3.7200000286102295,3.640000104904175,3.9700000286102295,3.7899999618530273,4505000,8.707122085159845,3.5674999952316284,3.2727499842643737,1880425.0,1946065.0,17073949.82814789
2025-07-24,3.7799999713897705,3.680000066757202,3.869999885559082,3.680000066757202,9802100,5.163038460738583,3.5884999990463258,3.2797499855359393,2277880.0,2081365.0,36071728.65436077
2025-07-25,3.7200000286102295,3.5999999046325684,3.805000066757202,3.740000009536743,3266000,5.481287743366242,3.609500002861023,3.290416653951009,2382230.0,2110116.6666666665,12214840.031147003
2025-07-28,3.740000009536743,3.690000057220459,3.880000114440918,3.700000047683716,2966800,5.135136615455001,3.6295000076293946,3.2965833226839703,2426630.0,2091666.6666666667,10977160.141468048
